-37.3003
-106.737
-149.615
-52.434
-38.7725
-101.491
-197.261
-0.830811
-183.736
41.5009
-55.4128
-128.359
0.944656
10.841
-101.318
-22.4526
-12.9232
1.0386
-73.9156
-115.499
-79.6622
-171.335
-136.931
-164.283
15.6931
-187.678
15.9599
50.3445
10.971
-164.673
-184.366
-126.329
-71.4098
-133.982
21.2367
89.8177
-35.4731
23.9762
-11.0131
-19.2089
-34.5229
-166.426
52.4323
-133.578
44.4151
-148.885
43.9691
-68.5081
52.1532
-129.947
15.9933
-127.509
-101.281
79.062
-91.7924
-185.588
91.3842
-175.833
64.7562
2.35519
-140.505
80.3897
76.0259
-11.9153
-153.592
-2.73746
-22.0976
10.9351
-78.7613
-133.111
-108.274
86.7157
-99.5366
-155.842
-146.863
-155.121
-104.727
97.1065
-23.6296
-152.574
-132.84
-107.636
-80.083
-34.1213
-128.574
28.1246
-19.7096
-137.19
52.2921
-54.9534
65.1652
-188.213
-74.5637
41.1911
-0.128738
-28.1555
-61.5464
-122.226
-117.22
59.6923
0
