18 6
17 11
15 15
1 7
10 6
5 7
13 13
9 8
13 11
4 15
13 0
2 1
13 1
15 14
1 3
5 0
7 5
11 4
3 12
12 13
1 0
2 15
14 12
5 9
5 9
6 0
10 9
2 5
10 0
2 12
3 8
12 11
13 6
15 16
1 10
12 2
11 15
17 7
9 5
16 15
14 5
15 7
14 0
12 7
0 15
1 4
5 13
15 0
2 13
17 3
6 12
5 17
9 5
6 1
10 5
16 7
11 14
14 8
14 9
15 15
6 16
2 11
12 17
12 14
12 11
0 0
5 5
0 15
11 6
16 3
11 15
10 5
11 7
13 8
16 10
6 4
9 8
16 4
7 10
1 2
3 1
3 9
7 3
7 0
10 5
3 4
3 14
9 14
4 4
4 3
15 11
7 6
1 6
11 9
16 12
11 2
14 15
12 3
1 1
3 11
6 7
15 10
3 6
5 9
10 11
11 8
3 2
14 6
7 8
15 7
1 9
9 17
5 4
0 7
4 6
0 12
13 16
3 0
3 12
9 16
4 4
5 10
5 3
16 14
11 14
2 15
4 14
14 12
-1 
