56.3111 494.57
-393.967 -784.996
557.855 -490.057
682.385 -549.019
599.084 -999.244
916.144 827.372
528.184 785.983
-95.6116 636.108
-213.182 481.896
-305.188 -519.594
-433.512 428.107
31.7518 31.1234
994.044 -51.9025
-624.849 330.323
193.836 -858.877
725.878 -749.853
635.693 -668.089
-534.849 193.548
-158.146 -852.464
644.53 -559.062
-851.708 560.674
-731.69 676.476
346.657 172.699
312.584 -866.525
-345.405 -992.604
-386.119 221.083
435.503 645.633
-747.793 429.547
-406.27 -372.642
-240.13 787.566
-231.52 -514.252
-962.287 -595.827
-182.341 -497.136
597.722 659.513
-349.6 242.252
-899.548 -201.309
-197.075 -631.238
-524.833 -850.418
541.46 787.751
-716.943 -803.945
795.147 -103.062
417.139 230.651
-457.429 669.345
-339.803 136.301
-703.297 420.067
0 0
