85
247.313
754.961
-862.001
-501.373
558.777
190.132
38.1417
-35.2901
-87.6493
762.751
-37.9013
-980.221
-778.332
179.909
654.456
663.724
963.313
427.677
-628.722
-585.031
-5.60796
-609.814
-594.724
498.86
459.574
354.443
-616.272
-844.79
289.725
290.728
-264.894
-462.962
45.6886
-126.895
35.6647
-395.534
-936.763
-926.194
569.176
-24.4122
836.557
-468.725
-4.63343
-941.775
711.183
-350.177
721.948
674.497
-922.501
-906.773
-910.535
71.8914
-516.587
-505.259
-429.248
942.986
849.184
-45.5204
-901.804
138.909
-754.793
-166.698
675.947
290.896
706.407
-288.389
895.362
769.644
-214.582
464.538
-254.768
-378.025
995.813
740.599
-319.8
706.996
-609.579
-597.852
381.492
-532.079
-504.625
470.958
539.812
-21.2125
965.699
