12 9 28.9712
-45.8694   12.834  49.0472  21.8729   37.173   96.963  93.3571  41.3464  -84.028 
-93.5782 -90.1646 -71.3883  -79.818 -74.2758  28.9712  54.6954 -25.7954  55.8209 
-18.0812  85.8952  62.2771 -48.7851  43.0861  94.0467  27.7486  43.6356 -67.9496 
-6.10394 -72.4081  31.3741 -24.8492 -30.9275 -81.0589 -86.6224 -50.0025  28.9712 
-87.7254 -93.6733 -7.91216 -40.9784 -54.1482  72.9373   13.287 -94.9678 -92.0609 
 50.3108  35.2598  3.09731 -44.6786 -2.00725  77.9882  11.2931 -53.7326 -44.7623 
 -64.277  67.6569  95.4959   92.711  20.9415  28.9712  28.8806 -21.9695  93.1119 
-33.9973  69.7323  75.7197  71.9816 -62.7934  19.2527 -82.5179  90.5494 -74.7351 
 27.2373 -35.1648 -13.1993  63.7398  20.4305  78.5867  56.1812  91.2693 -61.4172 
 -48.173 -60.0256  72.8088   -56.14  -83.165  22.0323  6.53366  -92.041 -14.7102 
-66.0528   10.441 -9.20006   -32.08   33.617  72.8945 -73.8217  82.7641  13.7552 
-74.6202  45.8637  92.0246 -15.6853  17.1656 -30.0729  87.0334  -48.515 -41.7481 
