V1
Vector de 64 valores:
   -35653  -102867  -266001  -250064    61336   293182    56669  -186309
  -421687    21153  -328617   289332   123499  -316876   354571  -342878
   -95965  -393250  -294444  -359150  -439529     5150  -275397   200599
  -176528  -129842  -462542  -168678  -255835   218780  -357270   -82347
   -69844  -315200   381090   -97397  -240318    58702   226595   287202
   -18947    44921  -183150  -320533  -109311   159750   274148  -419816
   101807   340016    90635   -75541  -349628  -165397  -257539   427033
  -220834  -257975  -151802  -342970  -180261  -227694   394184  -201808
V2
Vector de 56 valores:
     1305   370646   220259   166080  -293120  -170011   179749     8137
  -363247   132818  -480226   209344   -38743  -110034   -12151  -233913
  -459246  -311464  -451025   -95555    82160   -20009   111808  -118656
   317506    82594   100855   307039  -450640   192058    57855    26364
  -405122  -140377    69516  -100293    -1499   -86416   367825   358870
   309091    22610   233401   -27944    26655  -180029  -377740   183119
    61236  -139010   306810  -217572   140393   -84380    -9059  -306451
